const float joint_angles[638][6] = 
{
    { 0.00000000, 0.08347648, -0.23360486, 0.00000000, 0.15012476, 0.00000000 },
    { 0.28018340, 0.25400244, -0.53606120, 44.80594799, 0.39756642, -44.80525838 },
    { 0.56161677, 0.42272349, -0.83594341, 53.65602541, 0.69725072, -53.65400020 },
    { 0.84425585, 0.58966626, -1.13333870, 57.22167214, 1.00415446, -57.21766655 },
    { 1.12810427, 0.75483455, -1.42826434, 59.16800745, 1.31379912, -59.16137759 },
    { 1.41315253, 0.91823836, -1.72075722, 60.41307345, 1.62508628, -60.40317622 },
    { 1.69941384, 1.07986818, -2.01079470, 61.29439555, 1.93762156, -61.28058847 },
    { 1.98685077, 1.23975560, -2.29848098, 61.95875794, 2.25122752, -61.94039900 },
    { 2.27548489, 1.39788233, -2.58376729, 62.48729311, 2.56581661, -62.46374071 },
    { 2.56527792, 1.55428058, -2.86676063, 62.92115609, 2.88133679, -62.89176875 },
    { 2.85626005, 1.70892231, -3.14738297, 63.29063903, 3.19776098, -63.25477547 },
    { 3.14839867, 1.86183388, -3.42572411, 63.61094350, 3.51506815, -63.56796229 },
    { 3.44167130, 2.01303266, -3.70184640, 63.89294847, 3.83324385, -63.84220795 },
    { 3.73611128, 2.16248502, -3.97565584, 64.14760748, 4.15228280, -64.08846589 },
    { 4.03168298, 2.31021879, -4.24724765, 64.37898973, 4.47217529, -64.31080474 },
    { 4.32837871, 2.45623615, -4.51663851, 64.59156253, 4.79291557, -64.51369128 },
    { 4.62616874, 2.60055898, -4.78390578, 64.78762373, 5.11449596, -64.69942254 },
    { 4.92509268, 2.74314478, -5.04892965, 64.97217784, 5.43691770, -64.87300264 },
    { 5.22511049, 2.88402370, -5.31181338, 65.14565297, 5.76017256, -65.03485861 },
    { 5.52621245, 3.02319752, -5.57257352, 65.30966370, 6.08425595, -65.18660403 },
    { 5.82838835, 3.16066795, -5.83122650, 65.46550185, 6.40916308, -65.32952963 },
    { 6.13162746, 3.29643663, -6.08778888, 65.61420993, 6.73488893, -65.46467674 },
    { 6.43589618, 3.43052609, -6.34234125, 65.75582765, 7.06142473, -65.59208348 },
    { 6.74123309, 3.56289088, -6.59475631, 65.89290526, 7.38877248, -65.71429937 },
    { 7.04759725, 3.69355932, -6.84513280, 66.02493993, 7.71692179, -65.83081975 },
    { 7.35497648, 3.82253242, -7.09348596, 66.15243884, 8.04586627, -65.94215022 },
    { 7.66335837, 3.94981091, -7.33983030, 66.27583656, 8.37559914, -66.04872371 },
    { 7.97273012, 4.07539543, -7.58418017, 66.39550308, 8.70611321, -66.15090846 },
    { 8.28307856, 4.19928650, -7.82654970, 66.51175589, 9.03740086, -66.24902013 },
    { 8.59439015, 4.32148453, -8.06695274, 66.62486937, 9.36945405, -66.34333121 },
    { 8.90665101, 4.44198980, -8.30540288, 66.73508225, 9.70226431, -66.43407845 },
    { 9.21982612, 4.56082229, -8.54197372, 66.84206443, 10.03581880, -66.52092923 },
    { 9.53394624, 4.67793896, -8.77654695, 66.94718743, 10.37011673, -66.60525393 },
    { 9.84897146, 4.79336353, -9.00920776, 67.04994594, 10.70514367, -66.68654449 },
    { 10.16488657, 4.90709588, -9.23996864, 67.15048573, 11.04088945, -66.76494443 },
    { 10.48167619, 5.01913562, -9.46884134, 67.24894048, 11.37734347, -66.84058510 },
    { 10.79932462, 5.12948229, -9.69583738, 67.34542977, 11.71449475, -66.91358368 },
    { 11.11781584, 5.23813535, -9.92096799, 67.44006108, 12.05233185, -66.98404521 },
    { 11.43713351, 5.34509417, -10.14424421, 67.53293141, 12.39084295, -67.05206417 },
    { 11.75726102, 5.45035806, -10.36567678, 67.62412872, 12.73001581, -67.11772595 },
    { 12.07818141, 5.55392626, -10.58527621, 67.71373306, 13.06983780, -67.18110801 },
    { 12.39987747, 5.65579793, -10.80305276, 67.80181761, 13.41029587, -67.24228085 },
    { 12.72233169, 5.75597218, -11.01901643, 67.88844948, 13.75137659, -67.30130887 },
    { 13.04550557, 5.85446830, -11.23323817, 67.97329995, 14.09306157, -67.35785990 },
    { 13.36942522, 5.95124218, -11.44559711, 68.05726640, 14.43534635, -67.41282999 },
    { 13.69404860, 6.04631588, -11.65617243, 68.13994502, 14.77821115, -67.46581174 },
    { 14.01935700, 6.13968841, -11.86497355, 68.22138346, 15.12164102, -67.51684991 },
    { 14.34533161, 6.23135862, -12.07200914, 68.30162890, 15.46562065, -67.56598880 },
    { 14.67195337, 6.32132531, -12.27728769, 68.38072536, 15.81013442, -67.61326949 },
    { 14.99920297, 6.40958725, -12.48081750, 68.45871401, 16.15516632, -67.65873020 },
    { 15.32706083, 6.49614322, -12.68260665, 68.53563344, 16.50070002, -67.70240654 },
    { 15.65550717, 6.58099197, -12.88266304, 68.61151995, 16.84671885, -67.74433180 },
    { 15.98452196, 6.66413224, -13.08099437, 68.68640777, 17.19320582, -67.78453722 },
    { 16.31408493, 6.74556277, -13.27760815, 68.76032926, 17.54014362, -67.82305211 },
    { 16.64417563, 6.82528230, -13.47251173, 68.83331509, 17.88751463, -67.85990409 },
    { 16.97477337, 6.90328957, -13.66571223, 68.90539439, 18.23530092, -67.89511926 },
    { 17.30585728, 6.97958333, -13.85721665, 68.97659491, 18.58348428, -67.92872228 },
    { 17.63740628, 7.05416234, -14.04703177, 69.04694310, 18.93204621, -67.96073658 },
    { 17.96939912, 7.12702537, -14.23516421, 69.11646429, 19.28096794, -67.99118438 },
    { 18.30181437, 7.19817123, -14.42162044, 69.18518271, 19.63023042, -68.02008689 },
    { 18.63461212, 7.26761738, -14.60646253, 69.25286967, 19.97980991, -68.04721142 },
    { 18.96780903, 7.33532354, -14.78957952, 69.32008033, 20.32969617, -68.07311202 },
    { 19.30136299, 7.40130913, -14.97103888, 69.38655364, 20.67986452, -68.09752362 },
    { 19.63525181, 7.46557320, -15.15084681, 69.45230885, 21.03029491, -68.12046242 },
    { 19.96945330, 7.52811468, -15.32900895, 69.51736642, 21.38096710, -68.14194591 },
    { 20.30394515, 7.58893255, -15.50553075, 69.58174617, 21.73186063, -68.16199091 },
    { 20.63870494, 7.64802583, -15.68041757, 69.64546722, 22.08295486, -68.18061360 },
    { 20.97371012, 7.70539360, -15.85367459, 69.70854813, 22.43422894, -68.19782961 },
    { 21.30893805, 7.76103499, -16.02530688, 69.77100686, 22.78566183, -68.21365403 },
    { 21.64436600, 7.81494919, -16.19531940, 69.83286088, 23.13723233, -68.22810145 },
    { 21.97997114, 7.86713545, -16.36371695, 69.89412718, 23.48891909, -68.24118602 },
    { 22.31573058, 7.91759307, -16.53050421, 69.95482226, 23.84070058, -68.25292150 },
    { 22.65162136, 7.96632144, -16.69568576, 70.01496224, 24.19255514, -68.26332125 },
    { 22.98762047, 8.01332000, -16.85926605, 70.07456282, 24.54446098, -68.27239827 },
    { 23.32370485, 8.05858826, -17.02124940, 70.13363933, 24.89639619, -68.28016525 },
    { 23.65985140, 8.10212582, -17.18164004, 70.19220676, 25.24833874, -68.28663459 },
    { 23.99603701, 8.14393233, -17.34044206, 70.25027976, 25.60026651, -68.29181841 },
    { 24.33223852, 8.18400756, -17.49765947, 70.30787267, 25.95215728, -68.29572856 },
    { 24.66843281, 8.22235133, -17.65329616, 70.36499953, 26.30398875, -68.29837667 },
    { 25.00459671, 8.25896354, -17.80735591, 70.42167410, 26.65573855, -68.29977416 },
    { 25.34070711, 8.29384419, -17.95984240, 70.47790989, 27.00738427, -68.29993223 },
    { 25.67672153, 8.32701284, -18.11081520, 70.53353405, 27.35889515, -68.29867498 },
    { 26.01265699, 8.35842933, -18.26016169, 70.58894771, 27.71026560, -68.29640317 },
    { 26.34846976, 8.38811471, -18.40794517, 70.64396186, 28.06146444, -68.29292481 },
    { 26.68413670, 8.41606955, -18.55416952, 70.69858723, 28.41246907, -68.28824862 },
    { 27.01963488, 8.44229428, -18.69883791, 70.75283630, 28.76325693, -68.28238518 },
    { 27.35494145, 8.46678945, -18.84195344, 70.80672131, 29.11380544, -68.27534491 },
    { 27.69003364, 8.48955570, -18.98351911, 70.86025433, 29.46409206, -68.26713814 },
    { 28.02488876, 8.51059378, -19.12353785, 70.91344719, 29.81409426, -68.25777507 },
    { 28.35948423, 8.52990453, -19.26201250, 70.96631155, 30.16378954, -68.24726579 },
    { 28.69379756, 8.54748890, -19.39894581, 71.01885886, 30.51315546, -68.23562030 },
    { 29.02780639, 8.56334794, -19.53434048, 71.07110039, 30.86216960, -68.22284852 },
    { 29.36148846, 8.57748282, -19.66819912, 71.12304725, 31.21080964, -68.20896029 },
    { 29.69482166, 8.58989480, -19.80052425, 71.17471036, 31.55905329, -68.19396538 },
    { 30.02778401, 8.60058526, -19.93131835, 71.22610047, 31.90687837, -68.17787349 },
    { 30.36035370, 8.60955567, -20.06058380, 71.27722818, 32.25426279, -68.16069427 },
    { 30.69250904, 8.61680763, -20.18832292, 71.32810391, 32.60118454, -68.14243731 },
    { 31.02422853, 8.62234285, -20.31453797, 71.37873794, 32.94762174, -68.12311217 },
    { 31.35549084, 8.62616313, -20.43923114, 71.42914038, 33.29355261, -68.10272836 },
    { 31.68627483, 8.62827040, -20.56240455, 71.47932121, 33.63895550, -68.08129535 },
    { 32.01655952, 8.62866669, -20.68406027, 71.52929025, 33.98380890, -68.05882259 },
    { 32.34632414, 8.62735415, -20.80420028, 71.57905716, 34.32809143, -68.03531951 },
    { 32.67554815, 8.62433504, -20.92282654, 71.62863148, 34.67178189, -68.01079550 },
    { 33.00421117, 8.61961174, -21.03994092, 71.67802260, 35.01485920, -67.98525995 },
    { 33.33229308, 8.61318672, -21.15554524, 71.72723975, 35.35730247, -67.95872222 },
    { 33.65977395, 8.60506259, -21.26964127, 71.77629205, 35.69909097, -67.93119167 },
    { 33.98663411, 8.59524205, -21.38223073, 71.82518848, 36.04020418, -67.90267765 },
    { 34.31285410, 8.58372793, -21.49331527, 71.87393786, 36.38062174, -67.87318950 },
    { 34.63841472, 8.57052316, -21.60289650, 71.92254889, 36.72032349, -67.84273658 },
    { 34.96329700, 8.55563079, -21.71097598, 71.97103015, 37.05928948, -67.81132822 },
    { 35.28748226, 8.53905397, -21.81755521, 72.01939006, 37.39749998, -67.77897377 },
    { 35.61095202, 8.52079599, -21.92263566, 72.06763692, 37.73493544, -67.74568258 },
    { 35.93368812, 8.50086022, -22.02621873, 72.11577891, 38.07157656, -67.71146402 },
    { 36.25567264, 8.47925015, -22.12830579, 72.16382407, 38.40740427, -67.67632744 },
    { 36.57688793, 8.45596938, -22.22889818, 72.21178030, 38.74239972, -67.64028224 },
    { 36.89731663, 8.43102164, -22.32799715, 72.25965539, 39.07654429, -67.60333781 },
    { 37.21694166, 8.40441073, -22.42560395, 72.30745699, 39.40981964, -67.56550354 },
    { 37.53570175, 8.37616826, -22.52174682, 72.35512890, 39.74211846, -67.52673898 },
    { 37.85367054, 8.34624235, -22.61637156, 72.40280976, 40.07360292, -67.48715710 },
    { 38.17078619, 8.31466531, -22.70950741, 72.45043966, 40.40416457, -67.44671407 },
    { 38.48703268, 8.28144150, -22.80115574, 72.49802506, 40.73378605, -67.40541866 },
    { 38.80239439, 8.24657528, -22.89131760, 72.54557300, 41.06245029, -67.36328040 },
    { 39.11685601, 8.21007110, -22.97999398, 72.59309038, 41.39014047, -67.32030882 },
    { 39.43040253, 8.17193352, -23.06718584, 72.64058399, 41.71684006, -67.27651350 },
    { 39.74301924, 8.13216720, -23.15289412, 72.68806049, 42.04253283, -67.23190402 },
    { 40.05469173, 8.09077690, -23.23711971, 72.73552641, 42.36720279, -67.18648999 },
    { 40.36540594, 8.04776747, -23.31986347, 72.78298816, 42.69083427, -67.14028103 },
    { 40.67514806, 8.00314388, -23.40112624, 72.83045202, 43.01341185, -67.09328681 },
    { 40.98390466, 7.95691118, -23.48090882, 72.87792413, 43.33492042, -67.04551700 },
    { 41.29166257, 7.90907452, -23.55921199, 72.92541053, 43.65534517, -66.99698130 },
    { 41.59840897, 7.85963915, -23.63603648, 72.97291711, 43.97467157, -66.94768944 },
    { 41.90413133, 7.80861041, -23.71138303, 73.02044966, 44.29288539, -66.89765117 },
    { 42.20881746, 7.75599371, -23.78525231, 73.06801383, 44.60997269, -66.84687627 },
    { 42.51245547, 7.70179459, -23.85764500, 73.11561515, 44.92591982, -66.79537453 },
    { 42.81503380, 7.64601866, -23.92856173, 73.16325902, 45.24071347, -66.74315579 },
    { 43.11654120, 7.58867160, -23.99800312, 73.21095073, 45.55434058, -66.69022989 },
    { 43.41696674, 7.52975920, -24.06596976, 73.25869543, 45.86678842, -66.63660672 },
    { 43.71629979, 7.46928732, -24.13246222, 73.30649817, 46.17804457, -66.58229618 },
    { 44.01453005, 7.40726191, -24.19748105, 73.35436386, 46.48809688, -66.52730820 },
    { 44.31164755, 7.34368901, -24.26102677, 73.40229729, 46.79693354, -66.47165273 },
    { 44.60764261, 7.27857472, -24.32309987, 73.45030314, 47.10454301, -66.41533975 },
    { 44.90250586, 7.21192522, -24.38370086, 73.49838597, 47.41091408, -66.35837927 },
    { 45.19622827, 7.14374678, -24.44283017, 73.54655019, 47.71603582, -66.30078131 },
    { 45.48880108, 7.07404573, -24.50048827, 73.59480014, 48.01989763, -66.24255594 },
    { 45.78021587, 7.00282849, -24.55667558, 73.64314000, 48.32248919, -66.18371322 },
    { 46.07046451, 6.93010153, -24.61139250, 73.69157385, 48.62380048, -66.12426327 },
    { 46.35953918, 6.85587141, -24.66463941, 73.74010565, 48.92382179, -66.06421619 },
    { 46.64743237, 6.78014473, -24.71641671, 73.78873924, 49.22254372, -66.00358215 },
    { 46.93413685, 6.70292819, -24.76672473, 73.83747834, 49.51995714, -65.94237131 },
    { 47.21964571, 6.62422852, -24.81556382, 73.88632657, 49.81605324, -65.88059386 },
    { 47.50395231, 6.54405255, -24.86293431, 73.93528742, 50.11082349, -65.81826001 },
    { 47.78705033, 6.46240714, -24.90883650, 73.98436426, 50.40425967, -65.75538001 },
    { 48.06893372, 6.37929921, -24.95327069, 74.03356036, 50.69635385, -65.69196410 },
    { 48.34959672, 6.29473576, -24.99623716, 74.08287888, 50.98709837, -65.62802256 },
    { 48.62903386, 6.20872382, -25.03773618, 74.13232286, 51.27648588, -65.56356568 },
    { 48.90723995, 6.12127050, -25.07776801, 74.18189521, 51.56450932, -65.49860377 },
    { 49.18421007, 6.03238292, -25.11633288, 74.23159876, 51.85116189, -65.43314716 },
    { 49.45993959, 5.94206830, -25.15343103, 74.28143622, 52.13643709, -65.36720620 },
    { 49.73442414, 5.85033387, -25.18906267, 74.33141019, 52.42032871, -65.30079125 },
    { 50.00765960, 5.75718693, -25.22322801, 74.38152314, 52.70283079, -65.23391269 },
    { 50.27964216, 5.66263481, -25.25592725, 74.43177747, 52.98393767, -65.16658091 },
    { 50.55036824, 5.56668489, -25.28716057, 74.48217545, 53.26364395, -65.09880632 },
    { 50.81983451, 5.46934458, -25.31692814, 74.53271924, 53.54194450, -65.03059934 },
    { 51.08803791, 5.37062134, -25.34523014, 74.58341092, 53.81883447, -64.96197040 },
    { 51.35497563, 5.27052267, -25.37206670, 74.63425244, 54.09430925, -64.89292995 },
    { 51.62064511, 5.16905610, -25.39743798, 74.68524566, 54.36836452, -64.82348845 },
    { 51.88504401, 5.06622919, -25.42134411, 74.73639233, 54.64099620, -64.75365636 },
    { 52.14817025, 4.96204953, -25.44378522, 74.78769411, 54.91220047, -64.68344416 },
    { 52.41002198, 4.85652477, -25.46476142, 74.83915256, 55.18197376, -64.61286233 },
    { 52.67059757, 4.74966254, -25.48427282, 74.89076912, 55.45031276, -64.54192137 },
    { 52.92989564, 4.64147053, -25.50231953, 74.94254516, 55.71721440, -64.47063178 },
    { 53.18791501, 4.53195645, -25.51890163, 74.99448194, 55.98267586, -64.39900406 },
    { 53.44465473, 4.42112803, -25.53401920, 75.04658061, 56.24669454, -64.32704872 },
    { 53.70011407, 4.30899301, -25.54767233, 75.09884226, 56.50926809, -64.25477629 },
    { 53.95429248, 4.19555918, -25.55986108, 75.15126785, 56.77039441, -64.18219727 },
    { 54.20718967, 4.08083432, -25.57058551, 75.20385827, 57.03007161, -64.10932220 },
    { 54.45880551, 3.96482624, -25.57984567, 75.25661431, 57.28829803, -64.03616160 },
    { 54.70914007, 3.84754275, -25.58764161, 75.30953667, 57.54507224, -63.96272599 },
    { 54.95819365, 3.72899170, -25.59397337, 75.36262597, 57.80039302, -63.88902590 },
    { 55.20596671, 3.60918092, -25.59884097, 75.41588273, 58.05425938, -63.81507186 },
    { 55.45245990, 3.48811828, -25.60224445, 75.46930739, 58.30667054, -63.74087438 },
    { 55.69767406, 3.36581164, -25.60418381, 75.52290030, 58.55762593, -63.66644400 },
    { 55.94161021, 3.24226886, -25.60465907, 75.57666172, 58.80712518, -63.59179122 },
    { 56.18426954, 3.11749783, -25.60367022, 75.63059185, 59.05516814, -63.51692656 },
    { 56.42565340, 2.99150641, -25.60121727, 75.68469078, 59.30175484, -63.44186054 },
    { 56.66576333, 2.86430251, -25.59730021, 75.73895853, 59.54688552, -63.36660366 },
    { 56.90460103, 2.73589398, -25.59191900, 75.79339505, 59.79056063, -63.29116640 },
    { 57.14216833, 2.60628872, -25.58507363, 75.84800020, 60.03278076, -63.21555927 },
    { 57.37846725, 2.47549459, -25.57676407, 75.90277376, 60.27354674, -63.13979274 },
    { 57.61349995, 2.34351948, -25.56699027, 75.95771545, 60.51285956, -63.06387729 },
    { 57.84726872, 2.21037125, -25.55575218, 76.01282489, 60.75072039, -62.98782338 },
    { 58.07977601, 2.07605775, -25.54304975, 76.06810166, 60.98713058, -62.91164145 },
    { 58.31102442, 1.94058685, -25.52888292, 76.12354523, 61.22209165, -62.83534196 },
    { 58.54101666, 1.80396637, -25.51325162, 76.17915503, 61.45560529, -62.75893532 },
    { 58.76975560, 1.66620414, -25.49615576, 76.23493041, 61.68767337, -62.68243195 },
    { 58.99724421, 1.52730799, -25.47759527, 76.29087064, 61.91829791, -62.60584225 },
    { 59.22348562, 1.38728571, -25.45757004, 76.34697494, 62.14748110, -62.52917661 },
    { 59.44848304, 1.24614508, -25.43607997, 76.40324245, 62.37522527, -62.45244539 },
    { 59.67223983, 1.10389387, -25.41312495, 76.45967225, 62.60153293, -62.37565896 },
    { 59.89475945, 0.96053983, -25.38870487, 76.51626337, 62.82640671, -62.29882764 },
    { 60.11604548, 0.81609069, -25.36281959, 76.57301475, 63.04984942, -62.22196175 },
    { 60.33610160, 0.67055415, -25.33546898, 76.62992529, 63.27186399, -62.14507160 },
    { 60.55493160, 0.52393790, -25.30665288, 76.68699383, 63.49245351, -62.06816746 },
    { 60.77253937, 0.37624959, -25.27637113, 76.74421914, 63.71162120, -61.99125960 },
    { 60.98892889, 0.22749685, -25.24462358, 76.80159994, 63.92937040, -61.91435825 },
    { 61.20410425, 0.07768730, -25.21141005, 76.85913490, 64.14570461, -61.83747363 },
    { 61.41806961, -0.07317149, -25.17673033, 76.91682261, 64.36062745, -61.76061594 },
    { 61.63082923, -0.22507197, -25.14058424, 76.97466164, 64.57414265, -61.68379535 },
    { 61.84238747, -0.37800663, -25.10297157, 77.03265048, 64.78625409, -61.60702201 },
    { 62.05274874, -0.53196797, -25.06389208, 77.09078759, 64.99696575, -61.53030604 },
    { 62.26191756, -0.68694855, -25.02334555, 77.14907136, 65.20628174, -61.45365755 },
    { 62.46989850, -0.84294094, -24.98133173, 77.20750015, 65.41420628, -61.37708661 },
    { 62.67669623, -0.99993777, -24.93785036, 77.26607226, 65.62074370, -61.30060327 },
    { 62.88231546, -1.15793169, -24.89290116, 77.32478596, 65.82589845, -61.22421755 },
    { 63.08676100, -1.31691539, -24.84648385, 77.38363944, 66.02967507, -61.14793944 },
    { 63.29003770, -1.47688160, -24.79859813, 77.44263089, 66.23207822, -61.07177891 },
    { 63.49215048, -1.63782309, -24.74924368, 77.50175843, 66.43311265, -60.99574591 },
    { 63.69310433, -1.79973268, -24.69842016, 77.56102013, 66.63278323, -60.91985033 },
    { 63.89290428, -1.96260322, -24.64612724, 77.62041406, 66.83109489, -60.84410207 },
    { 64.09155542, -2.12642761, -24.59236455, 77.67993821, 67.02805268, -60.76851096 },
    { 64.28906291, -2.29119879, -24.53713171, 77.73959054, 67.22366174, -60.69308683 },
    { 64.48543193, -2.45690976, -24.48042832, 77.79936899, 67.41792729, -60.61783947 },
    { 64.68066772, -2.62355355, -24.42225397, 77.85927146, 67.61085464, -60.54277863 },
    { 64.87477558, -2.79112325, -24.36260822, 77.91929580, 67.80244919, -60.46791404 },
    { 65.06776083, -2.95961198, -24.30149063, 77.97943984, 67.99271641, -60.39325539 },
    { 65.25962884, -3.12901294, -24.23890071, 78.03970137, 68.18166186, -60.31881234 },
    { 65.45038502, -3.29931936, -24.17483799, 78.10007816, 68.36929116, -60.24459453 },
    { 65.64003482, -3.47052452, -24.10930194, 78.16056794, 68.55561003, -60.17061153 },
    { 65.82858371, -3.64262176, -24.04229204, 78.22116840, 68.74062424, -60.09687292 },
    { 66.01603720, -3.81560449, -23.97380772, 78.28187724, 68.92433964, -60.02338821 },
    { 66.20240083, -3.98946614, -23.90384840, 78.34269208, 69.10676215, -59.95016690 },
    { 66.38768017, -4.16420022, -23.83241349, 78.40361057, 69.28789775, -59.87721844 },
    { 66.57188082, -4.33980029, -23.75950235, 78.46463029, 69.46775249, -59.80455225 },
    { 66.75500839, -4.51625998, -23.68511434, 78.52574881, 69.64633247, -59.73217773 },
    { 66.93706852, -4.69357296, -23.60924877, 78.58696370, 69.82364387, -59.66010421 },
    { 67.11806687, -4.87173297, -23.53190495, 78.64827247, 69.99969290, -59.58834102 },
    { 67.29800914, -5.05073381, -23.45308212, 78.70967264, 70.17448585, -59.51689743 },
    { 67.47690100, -5.23056935, -23.37277955, 78.77116169, 70.34802906, -59.44578268 },
    { 67.65474818, -5.41123349, -23.29099643, 78.83273709, 70.52032891, -59.37500597 },
    { 67.83155640, -5.59272024, -23.20773196, 78.89439630, 70.69139183, -59.30457649 },
    { 67.73051657, -5.32418483, -23.50219208, 78.83078407, 70.60954415, -59.25950433 },
    { 67.62859370, -5.05596694, -23.79504598, 78.76697803, 70.52674798, -59.21548683 },
    { 67.52578213, -4.78807502, -24.08627627, 78.70300363, 70.44300153, -59.17254193 },
    { 67.42207084, -4.52050382, -24.37589277, 78.63885634, 70.35829322, -59.13066093 },
    { 67.31744866, -4.25324827, -24.66390499, 78.57453161, 70.27261131, -59.08983513 },
    { 67.21190426, -3.98630348, -24.95032220, 78.51002484, 70.18594389, -59.05005582 },
    { 67.10542610, -3.71966477, -25.23515338, 78.44533138, 70.09827886, -59.01131432 },
    { 66.99800248, -3.45332760, -25.51840728, 78.38044654, 70.00960397, -58.97360190 },
    { 66.88962153, -3.18728764, -25.80009239, 78.31536558, 69.91990679, -58.93690984 },
    { 66.78027117, -2.92154072, -26.08021694, 78.25008369, 69.82917472, -58.90122939 },
    { 66.66993914, -2.65608287, -26.35878893, 78.18459602, 69.73739495, -58.86655176 },
    { 66.55861301, -2.39091027, -26.63581614, 78.11889764, 69.64455453, -58.83286813 },
    { 66.44629123, -2.12604547, -26.91124298, 78.05306008, 69.55064923, -58.80024339 },
    { 66.33293878, -1.86143248, -27.18520349, 77.98692500, 69.45564782, -58.76852075 },
    { 66.21855367, -1.59709437, -27.45764117, 77.92056402, 69.35954574, -58.73776532 },
    { 66.10312267, -1.33302803, -27.72856285, 77.85397201, 69.26232924, -58.70796812 },
    { 65.98663232, -1.06923053, -27.99797520, 77.78714368, 69.16398442, -58.67912004 },
    { 65.86906894, -0.80569911, -28.26588468, 77.72007367, 69.06449713, -58.65121188 },
    { 65.75041864, -0.54243116, -28.53229755, 77.65275653, 68.96385307, -58.62423436 },
    { 65.63066730, -0.27942426, -28.79721985, 77.58518674, 68.86203770, -58.59817811 },
    { 65.50980060, -0.01667617, -29.06065746, 77.51735867, 68.75903629, -58.57303366 },
    { 65.38780397, 0.24581520, -29.32261604, 77.44926659, 68.65483389, -58.54879143 },
    { 65.26466261, 0.50805174, -29.58310107, 77.38090466, 68.54941534, -58.52544172 },
    { 65.14036148, 0.77003521, -29.84211786, 77.31226696, 68.44276526, -58.50297470 },
    { 65.01488532, 1.03176715, -30.09967152, 77.24334744, 68.33486805, -58.48138044 },
    { 64.88821859, 1.29324896, -30.35576701, 77.17413993, 68.22570790, -58.46064883 },
    { 64.76034554, 1.55448186, -30.61040908, 77.10463814, 68.11526877, -58.44076963 },
    { 64.63125013, 1.81546688, -30.86360234, 77.03483567, 68.00353437, -58.42173245 },
    { 64.50091610, 2.07620489, -31.11535123, 76.96472597, 67.89048820, -58.40352674 },
    { 64.36932688, 2.33669660, -31.36566001, 76.89430236, 67.77611352, -58.38614175 },
    { 64.23646568, 2.59694251, -31.61453279, 76.82355801, 67.66039336, -58.36956658 },
    { 64.10231541, 2.85694297, -31.86197353, 76.75248597, 67.54331048, -58.35379011 },
    { 63.96685871, 3.11669813, -32.10798603, 76.68107909, 67.42484742, -58.33880106 },
    { 63.83007793, 3.37620798, -32.35257392, 76.60933009, 67.30498647, -58.32458791 },
    { 63.69195516, 3.63547233, -32.59574071, 76.53723153, 67.18370966, -58.31113893 },
    { 63.55247217, 3.89449080, -32.83748975, 76.46477576, 67.06099876, -58.29844216 },
    { 63.41161045, 4.15326282, -33.07782424, 76.39195498, 66.93683531, -58.28648542 },
    { 63.26935119, 4.41178765, -33.31674724, 76.31876120, 66.81120055, -58.27525625 },
    { 63.12567526, 4.67006437, -33.55426169, 76.24518622, 66.68407548, -58.26474197 },
    { 62.98056322, 4.92809185, -33.79037037, 76.17122165, 66.55544082, -58.25492959 },
    { 62.83399534, 5.18586879, -34.02507593, 76.09685887, 66.42527704, -58.24580588 },
    { 62.68595154, 5.44339370, -34.25838091, 76.02208906, 66.29356429, -58.23735730 },
    { 62.53641141, 5.70066489, -34.49028768, 75.94690317, 66.16028250, -58.22957000 },
    { 62.38535423, 5.95768047, -34.72079853, 75.87129190, 66.02541127, -58.22242982 },
    { 62.23275893, 6.21443838, -34.94991559, 75.79524571, 65.88892993, -58.21592229 },
    { 62.07860408, 6.47093633, -35.17764087, 75.71875481, 65.75081754, -58.21003258 },
    { 61.92286794, 6.72717185, -35.40397628, 75.64180913, 65.61105285, -58.20474552 },
    { 61.76552837, 6.98314226, -35.62892360, 75.56439834, 65.46961430, -58.20004557 },
    { 61.60656290, 7.23884469, -35.85248448, 75.48651180, 65.32648007, -58.19591680 },
    { 61.44594869, 7.49427604, -36.07466048, 75.40813860, 65.18162801, -58.19234290 },
    { 61.28366250, 7.74943302, -36.29545302, 75.32926748, 65.03503568, -58.18930716 },
    { 61.11968074, 8.00431212, -36.51486344, 75.24988689, 64.88668032, -58.18679242 },
    { 60.95397943, 8.25890961, -36.73289293, 75.16998493, 64.73653887, -58.18478110 },
    { 60.78653420, 8.51322157, -36.94954262, 75.08954936, 64.58458794, -58.18325517 },
    { 60.61732027, 8.76724382, -37.16481350, 75.00856755, 64.43080386, -58.18219611 },
    { 60.44629395, 9.02099979, -37.37876380, 74.92694307, 64.27514415, -58.18151132 },
    { 60.27346628, 9.27442960, -37.59127997, 74.84482857, 64.11762077, -58.18132792 },
    { 60.09879314, 9.52755590, -37.80241975, 74.76212763, 63.95819119, -58.18155281 },
    { 59.92224812, 9.78037363, -38.01218373, 74.67882603, 63.79683042, -58.18216542 },
    { 59.74380437, 10.03287749, -38.22057242, 74.59490910, 63.63351313, -58.18314460 },
    { 59.56343461, 10.28506194, -38.42758623, 74.51036174, 63.46821369, -58.18446862 },
    { 59.38111112, 10.53692121, -38.63322545, 74.42516833, 63.30090610, -58.18611517 },
    { 59.19680574, 10.78844926, -38.83749032, 74.33931278, 63.13156405, -58.18806127 },
    { 59.01048985, 11.03963985, -39.04038097, 74.25277847, 62.96016087, -58.19028332 },
    { 58.82213439, 11.29048643, -39.24189744, 74.16554827, 62.78666957, -58.19275705 },
    { 58.63170982, 11.54098225, -39.44203967, 74.07760443, 62.61106281, -58.19545746 },
    { 58.43918613, 11.79112025, -39.64080755, 73.98892868, 62.43331292, -58.19835887 },
    { 58.24453284, 12.04089315, -39.83820086, 73.89950211, 62.25339186, -58.20143482 },
    { 58.04771898, 12.29029339, -40.03421929, 73.80930517, 62.07127129, -58.20465809 },
    { 57.84871312, 12.53931313, -40.22886247, 73.71831767, 61.88692248, -58.20800063 },
    { 57.64748329, 12.78794426, -40.42212994, 73.62651872, 61.70031639, -58.21143360 },
    { 57.44399708, 13.03617841, -40.61402117, 73.53388674, 61.51142362, -58.21492724 },
    { 57.23822152, 13.28400689, -40.80453554, 73.44039937, 61.32021443, -58.21845094 },
    { 57.03012317, 13.53142078, -40.99367236, 73.34603351, 61.12665876, -58.22197315 },
    { 56.81966806, 13.77841080, -41.18143088, 73.25076522, 60.93072617, -58.22546132 },
    { 56.60682169, 14.02496744, -41.36781026, 73.15456975, 60.73238592, -58.22888195 },
    { 56.39154906, 14.27108085, -41.55280958, 73.05742145, 60.53160692, -58.23220048 },
    { 56.17381463, 14.51674088, -41.73642789, 72.95929376, 60.32835775, -58.23538126 },
    { 55.95358233, 14.76193709, -41.91866413, 72.86015918, 60.12260664, -58.23838754 },
    { 55.73081553, 15.00665871, -42.09951720, 72.75998921, 59.91432154, -58.24118141 },
    { 55.50547710, 15.25089465, -42.27898591, 72.65875429, 59.70347004, -58.24372374 },
    { 55.27752933, 15.49463352, -42.45706905, 72.55642381, 59.49001943, -58.24597418 },
    { 55.04693398, 15.73786356, -42.63376529, 72.45296603, 59.27393670, -58.24789105 },
    { 54.81365226, 15.98057273, -42.80907328, 72.34834801, 59.05518853, -58.24943134 },
    { 54.57764482, 16.22274860, -42.98299160, 72.24253561, 58.83374132, -58.25055064 },
    { 54.33887175, 16.46437843, -43.15551877, 72.13549338, 58.60956115, -58.25120307 },
    { 54.09729261, 16.70544913, -43.32665325, 72.02718456, 58.38261387, -58.25134124 },
    { 53.85286637, 16.94594723, -43.49639344, 71.91757096, 58.15286504, -58.25091621 },
    { 53.60555147, 17.18585894, -43.66473769, 71.80661297, 57.92027998, -58.24987737 },
    { 53.35530576, 17.42517007, -43.83168431, 71.69426941, 57.68482374, -58.24817244 },
    { 53.10208657, 17.66386608, -43.99723155, 71.58049756, 57.44646120, -58.24574735 },
    { 52.84585065, 17.90193205, -44.16137759, 71.46525298, 57.20515697, -58.24254618 },
    { 52.58655419, 18.13935269, -44.32412059, 71.34848953, 56.96087550, -58.23851112 },
    { 52.32415286, 18.37611230, -44.48545864, 71.23015923, 56.71358107, -58.23358235 },
    { 52.05860176, 18.61219480, -44.64538981, 71.11021221, 56.46323779, -58.22769796 },
    { 51.78985545, 18.84758373, -44.80391209, 70.98859660, 56.20980963, -58.22079389 },
    { 51.51786795, 19.08226220, -44.96102345, 70.86525846, 55.95326046, -58.21280381 },
    { 51.24259275, 19.31621293, -45.11672181, 70.74014166, 55.69355407, -58.20365905 },
    { 50.96398283, 19.54941821, -45.27100506, 70.61318779, 55.43065417, -58.19328847 },
    { 50.68199064, 19.78185993, -45.42387103, 70.48433607, 55.16452446, -58.18161838 },
    { 50.39656813, 20.01351953, -45.57531753, 70.35352321, 54.89512863, -58.16857242 },
    { 50.10766674, 20.24437805, -45.72534231, 70.22068329, 54.62243042, -58.15407145 },
    { 49.81523746, 20.47441606, -45.87394312, 70.08574768, 54.34639361, -58.13803341 },
    { 49.51923078, 20.70361372, -46.02111764, 69.94864485, 54.06698212, -58.12037319 },
    { 49.21959674, 20.93195071, -46.16686354, 69.80930026, 53.78416002, -58.10100254 },
    { 48.91628496, 21.15940628, -46.31117844, 69.66763624, 53.49789156, -58.07982986 },
    { 48.60924463, 21.38595921, -46.45405995, 69.52357178, 53.20814123, -58.05676010 },
    { 48.29842453, 21.61158783, -46.59550562, 69.37702241, 52.91487384, -58.03169458 },
    { 47.98377309, 21.83626998, -46.73551301, 69.22790002, 52.61805453, -58.00453082 },
    { 47.66523834, 22.05998304, -46.87407963, 69.07611267, 52.31764886, -57.97516239 },
    { 47.34276803, 22.28270391, -47.01120296, 68.92156442, 52.01362284, -57.94347869 },
    { 47.01630958, 22.50440900, -47.14688047, 68.76415509, 51.70594304, -57.90936477 },
    { 46.68581013, 22.72507422, -47.28110960, 68.60378010, 51.39457663, -57.87270111 },
    { 46.35121662, 22.94467502, -47.41388778, 68.44033023, 51.07949146, -57.83336345 },
    { 46.01247574, 23.16318632, -47.54521240, 68.27369133, 50.76065614, -57.79122249 },
    { 45.66953403, 23.38058254, -47.67508084, 68.10374416, 50.43804014, -57.74614369 },
    { 45.32233791, 23.59683762, -47.80349046, 67.93036406, 50.11161386, -57.69798701 },
    { 44.97083370, 23.81192495, -47.93043861, 67.75342070, 49.78134876, -57.64660661 },
    { 44.61496769, 24.02581744, -48.05592262, 67.57277777, 49.44721741, -57.59185061 },
    { 44.25468616, 24.23848747, -48.17993981, 67.38829267, 49.10919366, -57.53356073 },
    { 43.88993546, 24.44990690, -48.30248749, 67.19981619, 48.76725271, -57.47157202 },
    { 43.52066205, 24.66004706, -48.42356293, 67.00719217, 48.42137127, -57.40571248 },
    { 43.14681257, 24.86887877, -48.54316342, 66.81025709, 48.07152767, -57.33580271 },
    { 42.76833386, 25.07637231, -48.66128624, 66.60883970, 47.71770200, -57.26165554 },
    { 42.38517308, 25.28249744, -48.77792865, 66.40276064, 47.35987626, -57.18307562 },
    { 41.99727776, 25.48722340, -48.89308789, 66.19183194, 46.99803454, -57.09985898 },
    { 41.60459584, 25.69051887, -49.00676123, 65.97585659, 46.63216316, -57.01179259 },
    { 41.20707579, 25.89235203, -49.11894590, 65.75462804, 46.26225086, -56.91865385 },
    { 40.80466666, 26.09269053, -49.22963915, 65.52792968, 45.88828900, -56.82021014 },
    { 40.39731820, 26.29150148, -49.33883820, 65.29553427, 45.51027173, -56.71621820 },
    { 39.98493031, 26.48877912, -49.44658809, 65.05706884, 45.12814862, -56.60630642 },
    { 39.56754987, 26.68443673, -49.55279475, 64.81253770, 44.74201014, -56.49043023 },
    { 39.14508352, 26.87846526, -49.65749936, 64.56155625, 44.35181712, -56.36820495 },
    { 38.71748453, 27.07082977, -49.76069922, 64.30384831, 43.95757713, -56.23933860 },
    { 38.28470729, 27.26149481, -49.86239159, 64.03912374, 43.55930173, -56.10352535 },
    { 37.84670747, 27.45042444, -49.96257379, 63.76707764, 43.15700676, -55.96044472 },
    { 37.40344210, 27.63758221, -50.06124311, 63.48738953, 42.75071263, -55.80976076 },
    { 36.95486967, 27.82293119, -50.15839687, 63.19972248, 42.34044465, -55.65112119 },
    { 36.50095031, 28.00643398, -50.25403240, 62.90372210, 41.92623338, -55.48415646 },
    { 36.04164587, 28.18805270, -50.34814702, 62.59901565, 41.50811493, -55.30847883 },
    { 35.57692005, 28.36774903, -50.44073809, 62.28521090, 41.08613141, -55.12368124 },
    { 35.10673855, 28.54548417, -50.53180296, 61.96189505, 40.66033128, -54.92933632 },
    { 34.63106921, 28.72121893, -50.62133903, 61.62863359, 40.23076982, -54.72499516 },
    { 34.14988215, 28.89491368, -50.70934368, 61.28496898, 39.79750951, -54.51018612 },
    { 33.66314991, 29.06652839, -50.79581432, 60.93041942, 39.36062057, -54.28441355 },
    { 33.17084760, 29.23602264, -50.88074837, 60.56447745, 38.92018146, -54.04715640 },
    { 32.67295306, 29.40335567, -50.96414329, 60.18660847, 38.47627936, -53.79786682 },
    { 32.16944701, 29.56848635, -51.04599652, 59.79624926, 38.02901080, -53.53596867 },
    { 31.66031324, 29.73137322, -51.12630556, 59.39280636, 37.57848225, -53.26085590 },
    { 31.14553872, 29.89197454, -51.20506789, 58.97565443, 37.12481071, -52.97189097 },
    { 30.62511382, 30.05024827, -51.28228104, 58.54413452, 36.66812446, -52.66840308 },
    { 30.09903244, 30.20615213, -51.35794252, 58.09755223, 36.20856371, -52.34968644 },
    { 29.56729222, 30.35964360, -51.43204990, 57.63517591, 35.74628140, -52.01499839 },
    { 29.02989467, 30.51067999, -51.50460072, 57.15623471, 35.28144400, -51.66355756 },
    { 28.48684540, 30.65921840, -51.57559256, 56.65991666, 34.81423236, -51.29454189 },
    { 27.93807162, 30.80524243, -51.64506781, 56.14514387, 34.34477234, -50.90688641 },
    { 27.38373682, 30.94866008, -51.71294167, 55.61141723, 33.87340371, -50.50004204 },
    { 26.82378999, 31.08945118, -51.77925057, 55.05760160, 33.40029641, -50.07288427 },
    { 26.25825411, 31.22757262, -51.84399231, 54.48269857, 32.92569788, -49.62440680 },
    { 25.68715699, 31.36298133, -51.90716474, 53.88565838, 32.44987495, -49.15355255 },
    { 25.11053142, 31.49563430, -51.96876574, 53.26537810, 31.97311496, -48.65921190 },
    { 24.52841535, 31.62548863, -52.02879323, 52.62069998, 31.49572705, -48.14022100 },
    { 23.94085199, 31.75250154, -52.08724514, 51.95040998, 31.01804345, -47.59536036 },
    { 23.34789001, 31.87663049, -52.14411944, 51.25323666, 30.54042080, -47.02335369 },
    { 22.74958365, 31.99783315, -52.19941415, 50.52785041, 30.06324162, -46.42286722 },
    { 22.14599285, 32.11606750, -52.25312730, 49.77286322, 29.58691573, -45.79250942 },
    { 21.53718337, 32.23129184, -52.30525694, 48.98682907, 29.11188182, -45.13083144 },
    { 20.92322696, 32.34346487, -52.35580117, 48.16824512, 28.63860897, -44.43632828 },
    { 20.30420140, 32.45254574, -52.40475808, 47.31555387, 28.16759827, -43.70744098 },
    { 19.68019069, 32.55849408, -52.45212583, 46.42714651, 27.69938440, -42.94255991 },
    { 19.05118361, 32.66129059, -52.49793644, 45.50105384, 27.23446287, -42.13974059 },
    { 18.41745269, 32.76085951, -52.54212768, 44.53611873, 26.77357075, -41.29778326 },
    { 17.77901952, 32.85717924, -52.58472576, 43.53036413, 26.31729252, -40.41473213 },
    { 17.13599199, 32.95021209, -52.62572914, 42.48203498, 25.86631174, -39.48883443 },
    { 16.48848420, 33.03992119, -52.66513633, 41.38936693, 25.42135268, -38.51832883 },
    { 15.83661650, 33.12627048, -52.70294588, 40.25060243, 24.98318124, -37.50146154 },
    { 15.18051542, 33.20922484, -52.73915639, 39.06401016, 24.55260569, -36.43650567 },
    { 14.52031365, 33.28875011, -52.77376651, 37.82790816, 24.13047697, -35.32178443 },
    { 13.85615001, 33.36481314, -52.80677494, 36.54069104, 23.71768850, -34.15569827 },
    { 13.18816929, 33.43738189, -52.83818045, 35.20086145, 23.31517546, -32.93675638 },
    { 12.51652224, 33.50642545, -52.86798185, 33.80706608, 22.92391330, -31.66361265 },
    { 11.84136533, 33.57191412, -52.89617802, 32.35813609, 22.54491546, -30.33510607 },
    { 11.16275229, 33.63383174, -52.92278804, 30.85272246, 22.17917298, -28.94992110 },
    { 10.48103821, 33.69212895, -52.94777453, 29.29086228, 21.82786650, -27.50806058 },
    { 9.79631033, 33.74679020, -52.97115328, 27.67190499, 21.49205278, -26.00890344 },
    { 9.10874553, 33.79779111, -52.99292343, 25.99589718, 21.17285300, -24.45250671 },
    { 8.41852541, 33.84510878, -53.01308419, 24.26332290, 20.87139783, -22.83936547 },
    { 7.72583605, 33.88872181, -53.03163482, 22.47515656, 20.58881762, -21.17046567 },
    { 7.03086772, 33.92861036, -53.04857464, 20.63291179, 20.32623099, -19.44733301 },
    { 6.33381457, 33.96475614, -53.06390307, 18.73868372, 20.08473218, -17.67207510 },
    { 5.63487435, 33.99714252, -53.07761955, 16.79518143, 19.86537712, -15.84741398 },
    { 4.93424807, 34.02575452, -53.08972359, 14.80574754, 19.66916851, -13.97670564 },
    { 4.23213963, 34.05057883, -53.10021478, 12.77436207, 19.49704038, -12.06394378 },
    { 3.52875553, 34.07160389, -53.10909275, 10.70562776, 19.34984240, -10.11374519 },
    { 2.82430453, 34.08881983, -53.11635717, 8.60473539, 19.22832467, -8.13131496 },
    { 2.11899725, 34.10221856, -53.12200777, 6.47740798, 19.13312333, -6.12239064 },
    { 1.41304592, 34.11179376, -53.12604432, 4.32982450, 19.06474784, -4.09316592 },
    { 0.70666396, 34.11754090, -53.12846665, 2.16852481, 19.02357028, -2.05019548 },
    { 0.00006565, 34.11945723, -53.12927461, 0.00029901, 19.00981732, -0.00028435 },
    { -0.70653421, 34.11754181, -53.12846813, -2.16793443, 19.02356522, 2.04963408 },
    { -1.41292072, 34.11179552, -53.12604718, -4.32925640, 19.06473810, 4.09262579 },
    { -2.11887924, 34.10222104, -53.12201180, -6.47687501, 19.13310960, 6.12188406 },
    { -2.82419584, 34.08882287, -53.11636212, -8.60424769, 19.22830790, 8.13085159 },
    { -3.52865768, 34.07160732, -53.10909833, -10.70519223, 19.34982366, 10.11333158 },
    { -4.23205344, 34.05058246, -53.10022069, -12.77398219, 19.49702073, 12.06358324 },
    { -4.93417376, 34.02575817, -53.08972954, -14.80542366, 19.66914894, 13.97639845 },
    { -5.63481157, 33.99714605, -53.07762529, -16.79491122, 19.86535842, 15.84715791 },
    { -6.33376255, 33.96475943, -53.06390843, -18.73846290, 20.08471496, 17.67186601 },
    { -7.03082540, 33.92861333, -53.04857950, -20.63273480, 20.32621563, 19.44716558 },
    { -7.72580222, 33.88872444, -53.03163909, -22.47501725, 20.58880430, 21.17033403 },
    { -8.41849879, 33.84511103, -53.01308786, -24.26321509, 20.87138657, 22.83926371 },
    { -9.10872489, 33.79779300, -52.99292652, -25.99581502, 21.17284368, 24.45242925 },
    { -9.79629455, 33.74679176, -52.97115583, -27.67184326, 21.49204524, 26.00884531 },
    { -10.48102629, 33.69213022, -52.94777660, -29.29081648, 21.82786050, 27.50801752 },
    { -11.16274339, 33.63383275, -52.92278969, -30.85268887, 22.17916828, 28.94988955 },
    { -11.84118261, 33.57193616, -52.89621408, -32.35745881, 22.54481479, 30.33447104 },
    { -12.51638084, 33.50644353, -52.86801146, -33.80655139, 22.92383233, 31.66313078 },
    { -13.18806065, 33.43739658, -52.83820452, -35.20047303, 23.31511101, 32.93639329 },
    { -13.85606703, 33.36482497, -52.80679433, -36.54039963, 23.71763766, 34.15542629 },
    { -14.52025062, 33.28875956, -52.77378201, -37.82769061, 24.13043719, 35.32158171 },
    { -15.18046773, 33.20923234, -52.73916870, -39.06384840, 24.55257477, 36.43635518 },
    { -15.83658056, 33.12627640, -52.70295560, -40.25048253, 24.98315734, 37.50135018 },
    { -16.48845719, 33.03992584, -52.66514398, -41.38927827, 25.42133430, 38.51824663 },
    { -17.13597173, 32.95021573, -52.62573513, -42.48196953, 25.86629767, 39.48877385 },
    { -17.77900435, 32.85718208, -52.58473044, -43.53031586, 26.31728177, 40.41468752 },
    { -18.41744134, 32.76086172, -52.54213133, -44.53608315, 26.77356256, 41.29775043 },
    { -19.05117512, 32.66129230, -52.49793927, -45.50102760, 27.23445664, 42.13971642 },
    { -19.68001827, 32.55853027, -52.45218562, -46.42662074, 27.69925589, 42.94207657 },
    { -20.30406566, 32.45257528, -52.40480693, -47.31514524, 28.16749562, 43.70706597 },
    { -20.92312008, 32.34348896, -52.35584103, -48.16792730, 28.63852705, 44.43603712 },
    { -21.53709917, 32.23131147, -52.30528946, -48.98658157, 29.11181646, 45.13060509 },
    { -22.14592645, 32.11608350, -52.25315384, -49.77267019, 29.58686359, 45.79233318 },
    { -22.74953124, 31.99784620, -52.19943581, -50.52769960, 30.06320001, 46.42272975 },
    { -23.34784858, 31.87664113, -52.14413713, -51.25311858, 30.54038758, 47.02324624 },
    { -23.94081918, 31.75251023, -52.08725960, -51.95031733, 31.01801689, 47.59527618 },
    { -24.52838932, 31.62549573, -52.02880507, -52.62062709, 31.49570580, 48.14015489 },
    { -25.11051074, 31.49564011, -51.96877545, -53.26532062, 31.97309793, 48.65915984 },
    { -25.68714051, 31.36298609, -51.90717271, -53.88561292, 32.44986128, 49.15351144 },
    { -26.25824096, 31.22757653, -51.84399886, -54.48266252, 32.92568690, 49.62437424 },
    { -26.82377946, 31.08945439, -51.77925597, -55.05757293, 33.40028756, 50.07285842 },
    { -27.38372838, 30.94866273, -51.71294613, -55.61139435, 33.87339658, 50.50002145 },
    { -27.93806483, 30.80524462, -51.64507150, -56.14512556, 34.34476657, 50.90686994 },
    { -28.48677061, 30.65924311, -51.57563426, -56.65971585, 34.81416841, 51.29436161 },
    { -29.02977091, 30.51072194, -51.50467155, -57.15590393, 35.28133751, 51.66326106 },
    { -29.56718822, 30.35967975, -51.43211105, -57.63489882, 35.74619150, 52.01475035 },
    { -30.09894489, 30.20618331, -51.35799540, -58.09731959, 36.20848772, 52.34947845 },
    { -30.62503997, 30.05027521, -51.28232683, -58.54393872, 36.66806012, 52.66822824 },
    { -31.14547631, 29.89199785, -51.20510761, -58.97548922, 37.12475615, 52.97174362 },
    { -31.66026039, 29.73139343, -51.12634008, -59.39266661, 37.57843590, 53.26073141 },
    { -32.16940217, 29.56850390, -51.04602657, -59.79613075, 38.02897136, 53.53586321 },
    { -32.67291493, 29.40337094, -50.96416949, -60.18650773, 38.47624574, 53.79777726 },
    { -33.17081511, 29.23603594, -50.88077126, -60.56439159, 38.92015275, 54.04708014 },
    { -33.66312218, 29.06653999, -50.79583435, -60.93034607, 39.36059601, 54.28434846 },
    { -34.14985843, 28.89492382, -50.70936124, -61.28490615, 39.79748846, 54.51013043 },
    { -34.63104887, 28.72122782, -50.62135446, -61.62857964, 40.23075175, 54.72494738 },
    { -35.10672108, 28.54549197, -50.53181654, -61.96184863, 40.66031575, 54.92929523 },
    { -35.57690501, 28.36775588, -50.44075006, -62.28517084, 41.08611802, 55.12364582 },
    { -36.04163290, 28.18805874, -50.34815759, -62.59898101, 41.50810338, 55.30844821 },
    { -36.50093911, 28.00643930, -50.25404175, -62.90369207, 41.92622339, 55.48412994 },
    { -36.95485997, 27.82293589, -50.15840517, -63.19969638, 42.34043601, 55.65109815 },
    { -37.40343368, 27.63758637, -50.06125048, -63.48736681, 42.75070513, 55.80974071 },
    { -37.84670015, 27.45042813, -49.96258034, -63.76705780, 43.15700024, 55.96042723 },
    { -38.28470092, 27.26149809, -49.86239743, -64.03910638, 43.55929606, 56.10351005 },
    { -38.71747896, 27.07083268, -49.76070443, -64.30383309, 43.95757218, 56.23932519 },
    { -39.14507866, 26.87846786, -49.65750403, -64.56154288, 44.35181280, 56.36819316 },
    { -39.56754561, 26.68443905, -49.55279893, -64.81252592, 44.74200635, 56.49041985 },
    { -39.98492657, 26.48878119, -49.44659184, -65.05705844, 45.12814531, 56.60629726 },
    { -40.39722277, 26.29155464, -49.33893032, -65.29527928, 45.51018181, 56.71599625 },
    { -40.80458065, 26.09273931, -49.22972381, -65.52769899, 45.88820779, 56.82000951 },
    { -41.20699816, 25.89239683, -49.11902379, -65.75441904, 46.26217743, 56.91847223 },
    { -41.60452568, 25.69056006, -49.00683298, -65.97566693, 46.63209667, 57.01162790 },
    { -41.99721426, 25.48726132, -48.89315407, -66.19165955, 46.99797426, 57.09970941 },
    { -42.38511553, 25.28253240, -48.77798977, -66.40260370, 47.35982154, 57.18293954 },
    { -42.76828162, 25.07640457, -48.66134276, -66.60869659, 47.71765225, 57.26153154 },
    { -43.14676509, 24.86890858, -48.54321576, -66.81012638, 48.07148240, 57.33568953 },
    { -43.52061885, 24.66007464, -48.42361145, -67.00707261, 48.42133002, 57.40560901 },
    { -43.88989609, 24.44993244, -48.30253253, -67.19970666, 48.76721507, 57.47147729 },
    { -44.25465023, 24.23851116, -48.17998168, -67.38819216, 49.10915927, 57.53347385 },
    { -44.61493486, 24.02583944, -48.05596159, -67.57268540, 49.44718596, 57.59177080 },
    { -44.97080366, 23.81194540, -47.93047492, -67.75333569, 49.78131995, 57.64653319 },
    { -45.32231039, 23.59685665, -47.80352434, -67.93028570, 50.11158745, 57.69791935 },
    { -45.66950878, 23.38060028, -47.67511249, -68.10367182, 50.43801590, 57.74608125 },
    { -46.01245254, 23.16320287, -47.54524201, -68.27362444, 50.76063387, 57.79116477 },
    { -46.35119528, 22.94469048, -47.41391552, -68.44026829, 51.07947097, 57.83331002 },
    { -46.68579048, 22.72508868, -47.28113562, -68.60372267, 51.39455776, 57.87265157 },
    { -47.01629145, 22.50442253, -47.14690490, -68.76410175, 51.70592564, 57.90931876 },
    { -47.34275130, 22.28271660, -47.01122592, -68.92151481, 52.01360678, 57.94343591 },
    { -47.66522287, 22.05999495, -46.87410125, -69.07606647, 52.31763402, 57.97512255 },
    { -47.98375877, 21.83628116, -46.73553339, -69.22785693, 52.61804081, 58.00449365 },
    { -48.29841126, 21.61159835, -46.59552485, -69.37698216, 52.91486114, 58.03165985 },
    { -48.60923231, 21.38596911, -46.45407812, -69.52353413, 53.20812946, 58.05672761 },
    { -48.91627352, 21.15941561, -46.31119563, -69.66760097, 53.49788064, 58.07979941 },
    { -49.21958610, 20.93195951, -46.16687982, -69.80926718, 53.78414989, 58.10097397 },
    { -49.51922086, 20.70362204, -46.02113309, -69.94861377, 54.06697271, 58.12034634 },
    { -49.81522822, 20.47442393, -45.87395779, -70.08571845, 54.34638485, 58.13800814 },
    { -50.10765812, 20.24438550, -45.72535625, -70.22065576, 54.62242226, 58.15404764 },
    { -50.39656007, 20.01352659, -45.57533080, -70.35349723, 54.89512103, 58.16854995 },
    { -50.68198310, 19.78186662, -45.42388367, -70.48431154, 55.16451737, 58.18159714 },
    { -50.96397577, 19.54942457, -45.27101712, -70.61316459, 55.43064756, 58.19326836 },
    { -51.24258612, 19.31621897, -45.11673334, -70.74011969, 55.69354789, 58.20363999 },
    { -51.51786172, 19.08226796, -44.96103447, -70.86523763, 55.95325469, 58.21278572 },
    { -51.78984960, 18.84758921, -44.80392264, -70.98857682, 56.20980423, 58.22077670 },
    { -52.05859626, 18.61220003, -44.64539992, -71.11019341, 56.46323273, 58.22768160 },
    { -52.32414768, 18.37611729, -44.48546835, -71.23014133, 56.71357634, 58.23356676 },
    { -52.58654930, 18.13935746, -44.32412991, -71.34847247, 56.96087107, 58.23849624 },
    { -52.84584603, 17.90193662, -44.16138656, -71.46523670, 57.20515280, 58.24253196 },
    { -53.10208220, 17.66387045, -43.99724018, -71.58048200, 57.44645729, 58.24573374 },
    { -53.35530163, 17.42517426, -43.83169263, -71.69425454, 57.68482007, 58.24815941 },
    { -53.60554756, 17.18586296, -43.66474572, -71.80659872, 57.92027653, 58.24986488 },
    { -53.85286266, 16.94595109, -43.49640119, -71.91755730, 58.15286180, 58.25090421 },
    { -54.09728909, 16.70545284, -43.32666074, -72.02717144, 58.38261082, 58.25132970 },
    { -54.33886841, 16.46438200, -43.15552603, -72.13548078, 58.60955828, 58.25119196 },
    { -54.57764164, 16.22275204, -42.98299863, -72.24252348, 58.83373861, 58.25053993 },
    { -54.81364923, 15.98057604, -42.80908010, -72.34833633, 59.05518598, 58.24942101 },
    { -55.04693109, 15.73786677, -42.63377191, -72.45295476, 59.27393429, 58.24788107 },
    { -55.27752657, 15.49463661, -42.45707548, -72.55641294, 59.49001716, 58.24596453 },
    { -55.50547447, 15.25089764, -42.27899217, -72.65874378, 59.70346789, 58.24371440 },
    { -55.73081302, 15.00666160, -42.09952328, -72.75997904, 59.91431951, 58.24117235 },
    { -55.95357992, 14.76193989, -41.91867006, -72.86014934, 60.12260473, 58.23837875 },
    { -56.17381233, 14.51674360, -41.73643367, -72.95928422, 60.32835594, 58.23537273 },
    { -56.39154685, 14.27108348, -41.55281523, -73.05741219, 60.53160521, 58.23219218 },
    { -56.60681957, 14.02497000, -41.36781577, -73.15456076, 60.73238430, 58.22887388 },
    { -56.81966602, 13.77841329, -41.18143628, -73.25075648, 60.93072464, 58.22545346 },
    { -57.03012121, 13.53142319, -40.99367764, -73.34602501, 61.12665730, 58.22196548 },
    { -57.23821964, 13.28400925, -40.80454071, -73.44039109, 61.32021305, 58.21844347 },
    { -57.44399526, 13.03618070, -40.61402624, -73.53387867, 61.51142231, 58.21491994 },
    { -57.64748155, 12.78794650, -40.42213492, -73.62651085, 61.70031515, 58.21142646 },
    { -57.84871143, 12.53931531, -40.22886735, -73.71830998, 61.88692130, 58.20799365 },
    { -58.04771735, 12.29029552, -40.03422408, -73.80929766, 62.07127017, 58.20465125 },
    { -58.24453126, 12.04089524, -39.83820557, -73.89949476, 62.25339080, 58.20142812 },
    { -58.43918460, 11.79112229, -39.64081219, -73.98892149, 62.43331191, 58.19835230 },
    { -58.63170835, 11.54098424, -39.44204424, -74.07759739, 62.61106185, 58.19545101 },
    { -58.82213296, 11.29048839, -39.24190194, -74.16554136, 62.78666866, 58.19275071 },
    { -59.01048847, 11.03964177, -39.04038541, -74.25277170, 62.96016000, 58.19027709 },
    { -59.19680439, 10.78845115, -38.83749470, -74.33930613, 63.13156322, 58.18805514 },
    { -59.38110981, 10.53692305, -38.63322977, -74.42516180, 63.30090532, 58.18610913 },
    { -59.56343334, 10.28506376, -38.42759049, -74.51035532, 63.46821294, 58.18446268 },
    { -59.74380313, 10.03287927, -38.22057664, -74.59490279, 63.63351242, 58.18313874 },
    { -59.92224692, 9.78037539, -38.01218791, -74.67881981, 63.79682974, 58.18215964 },
    { -60.09879197, 9.52755763, -37.80242388, -74.76212151, 63.95819054, 58.18154711 },
    { -60.27346514, 9.27443131, -37.59128406, -74.84482253, 64.11762015, 58.18132229 },
    { -60.44629284, 9.02100148, -37.37876786, -74.92693711, 64.27514355, 58.18150576 },
    { -60.61728300, 8.76730043, -37.16493165, -75.00839635, 64.43076771, 58.18204438 },
    { -60.78649772, 8.51327760, -36.94966025, -75.08937973, 64.58455291, 58.18310444 },
    { -60.95394371, 8.25896508, -36.73301006, -75.16981683, 64.73650489, 58.18463135 },
    { -61.11964574, 8.00436705, -36.51498010, -75.24972023, 64.88664736, 58.18664357 },
    { -61.28362818, 7.74948746, -36.29556929, -75.32910216, 65.03500368, 58.18915914 },
    { -61.44591503, 7.49433002, -36.07477639, -75.40797454, 65.18159693, 58.19219565 },
    { -61.60652987, 7.23889823, -35.85260008, -75.48634893, 65.32644986, 58.19577024 },
    { -61.76549594, 6.98319541, -35.62903893, -75.56423657, 65.46958492, 58.19989965 },
    { -61.92283607, 6.72722462, -35.40409140, -75.64164839, 65.61102426, 58.20460018 },
    { -62.07857276, 6.47098875, -35.17775581, -75.71859502, 65.75078971, 58.20988776 },
    { -62.23272812, 6.21449049, -34.95003039, -75.79508681, 65.88890282, 58.21577793 },
    { -62.38532392, 5.95773229, -34.72091325, -75.87113381, 66.02538483, 58.22228587 },
    { -62.53638157, 5.70071645, -34.49040235, -75.94674584, 66.16025671, 58.22942640 },
    { -62.68592214, 5.44344502, -34.25849556, -76.02193242, 66.29353912, 58.23721401 },
    { -62.83396637, 5.18591990, -34.02519062, -76.09670285, 66.42525244, 58.24566285 },
    { -62.98053466, 4.92814277, -33.79048512, -76.17106620, 66.55541678, 58.25478677 },
    { -63.12564709, 4.67011512, -33.55437655, -76.24503129, 66.68405196, 58.26459931 },
    { -63.26932339, 4.41183826, -33.31686225, -76.31860673, 66.81117752, 58.27511371 },
    { -63.41158300, 4.15331331, -33.07793942, -76.39180092, 66.93681275, 58.28634294 },
    { -63.55244506, 3.89454119, -32.83760515, -76.46462204, 67.06097664, 58.29829972 },
    { -63.69192837, 3.63552265, -32.59585637, -76.53707811, 67.18368795, 58.31099647 },
    { -63.83005144, 3.37625825, -32.35268987, -76.60917693, 67.30496515, 58.32444539 },
    { -63.96683250, 3.11674837, -32.10810230, -76.68092612, 67.42482646, 58.33865845 },
    { -64.10228948, 2.85699319, -31.86209016, -76.75233315, 67.54328986, 58.35364736 },
    { -64.23644001, 2.59699275, -31.61464982, -76.82340531, 67.66037305, 58.36942365 },
    { -64.36930146, 2.33674687, -31.36577747, -76.89414971, 67.77609351, 58.38599860 },
    { -64.50089091, 2.07625522, -31.11546916, -76.96457333, 67.89046846, 58.40338333 },
    { -64.63122517, 1.81551728, -30.86372077, -77.03468301, 68.00351488, 58.42158876 },
    { -64.76032078, 1.55453235, -30.61052805, -77.10448540, 68.11524950, 58.44062560 },
    { -64.88819403, 1.29329957, -30.35588656, -77.17398707, 68.22568885, 58.46050443 },
    { -65.01486095, 1.03181789, -30.09979169, -77.24319443, 68.33484918, 58.48123563 },
    { -65.14033729, 0.77008610, -29.84223867, -77.31211375, 68.44274655, 58.50282945 },
    { -65.26463858, 0.50810282, -29.58322256, -77.38075121, 68.54939678, 58.52529598 },
    { -65.38778010, 0.24586646, -29.32273825, -77.44911285, 68.65481546, 58.54864517 },
    { -65.50977687, -0.01662469, -29.06078043, -77.51720460, 68.75901797, 58.57288685 },
    { -65.63064371, -0.27937254, -28.79734362, -77.58503231, 68.86201948, 58.59803070 },
    { -65.75039517, -0.54237918, -28.53242215, -77.65260169, 68.96383492, 58.62408632 },
    { -65.86904559, -0.80564685, -28.26601016, -77.71991837, 69.06447903, 58.65106317 },
    { -65.98660907, -1.06917798, -27.99810159, -77.78698789, 69.16396635, 58.67897063 },
    { -66.10309953, -1.33297516, -27.72869018, -77.85381569, 69.26231119, 58.70781797 },
    { -66.21853061, -1.59704116, -27.45776949, -77.92040713, 69.35952768, 58.73761438 },
    { -66.33291580, -1.86137891, -27.18533285, -77.98676749, 69.45562975, 58.76836898 },
    { -66.44626833, -2.12599152, -26.91137339, -78.05290196, 69.55063112, 58.80009081 },
    { -66.55861233, -2.39090867, -26.63582031, -78.11889255, 69.64455423, 58.83286308 },
    { -66.66993847, -2.65608125, -26.35879313, -78.18459090, 69.73739465, 58.86654668 },
    { -66.78027050, -2.92153909, -26.08022117, -78.25007855, 69.82917440, 58.90122428 },
    { -66.88962086, -3.18728599, -25.80009666, -78.31536042, 69.91990647, 58.93690471 },
    { -66.99800181, -3.45332593, -25.51841160, -78.38044135, 70.00960364, 58.97359673 },
    { -67.10542543, -3.71966308, -25.23515774, -78.44532616, 70.09827852, 59.01130912 },
    { -67.21190359, -3.98630178, -24.95032660, -78.51001958, 70.18594354, 59.05005059 },
    { -67.31744799, -4.25324654, -24.66390945, -78.57452632, 70.27261096, 59.08982985 },
    { -67.42207017, -4.52050207, -24.37589727, -78.63885102, 70.35829286, 59.13065562 },
    { -67.52578145, -4.78807325, -24.08628083, -78.70299827, 70.44300115, 59.17253657 },
    { -67.62859303, -5.05596515, -23.79505058, -78.76697264, 70.52674759, 59.21548143 },
    { -67.73051589, -5.32418302, -23.50219674, -78.83077864, 70.60954376, 59.25949888 },
    { -67.83156089, -5.59273229, -23.20770921, -78.89442074, 70.69140107, 59.30459766 }
};
